3.57485006440468
1.59326816536403
1.21247601191911
2.60071858597807
4.29852950350573
0.98029975431758
1.34146282169774
5.37585042975525
3.23948435898025
2.8328948435796
1.23210509798387
3.05890282529017
2.7297053957567
3.70383687418331
5.11787681019799
0.722326134760322
3.44586325462605
0.928705030406128
3.3942685307146
3.05890282529017
0.773920858671774
4.24693477959428
3.80702632200622
3.14246318704831
3.16209227311307
5.58222932540106
1.23210509798387
0.67073141084887
3.06507110118113
1.30949718385105
5.27266098193235
2.42013705228799
3.11049754920162
5.55643196344533
3.72963423613904
3.47166061658178
1.85124178492129
3.2910790828917
3.00730810137872
1.23210509798387
2.67811067184525
5.63382404931251
3.57485006440468
0.851312944538951
2.70390803380097
1.23827337387484
3.3942685307146
5.35005306779953
1.54167344145258
2.91028692944678
2.88448956749105
1.54167344145258
4.83410582868501
3.62644478831613
2.49752913815516
4.84027410457598
2.00602595665565
2.52332650011089
5.24686361997662
1.90283650883274
2.00602595665565
1.46428135558541
3.14246318704831
1.79964706100984
5.40164779171098
2.65231330988952
4.88570055259646
1.9544312327442
3.1878896350688
3.16209227311307
3.57485006440468
0.825515582583225
1.3610919077625
1.41268663167395
2.0576206805671
1.92863387078847
4.98889000041937
5.4274451536667
3.19405791095976
2.0576206805671
2.49752913815516
3.01347637726968
1.13508392605193
3.54905270244896
2.52332650011089
2.54912386206662
3.36847116875888
1.64486288927549
4.37592158937291
1.59326816536403
3.78122896005049
2.39433969033226
1.30949718385105
2.9360842914025
3.62644478831613
5.27266098193235
3.23948435898025
3.2910790828917
2.98767901531395
4.55650312306299
3.3942685307146
3.13629491115734
3.36847116875888
1.05769184018476
5.27266098193235
5.40164779171098
3.11049754920162
4.89186882848743
3.36847116875888
2.03182331861137
3.70383687418331
1.74805233709839
3.34267380680315
1.82544442296557
0.98029975431758
3.60064742636041
3.85862104591767
3.1878896350688
1.67066025123121
2.88448956749105
2.75550275771242
1.33529454580678
1.79964706100984
3.83282368396194
0.799718220627499
3.06507110118113
5.04048472433082
3.13629491115734
3.83282368396194
3.75543159809476
3.09086846313686
5.60802668735678
5.40164779171098
1.46428135558541
1.28369982189532
2.42013705228799
3.83282368396194
5.04048472433082
4.80830846672928
1.98022859469992
4.32432686546146
3.26528172093597
3.44586325462605
4.96309263846364
4.91766619044315
5.2210662580209
1.39305754560919
3.03310546333444
2.57492122402234
5.37585042975525
3.13629491115734
1.03189447822903
3.83282368396194
1.30949718385105
2.36854232837654
1.59326816536403
3.14246318704831
1.43848399362968
1.43848399362968
0.567541963025967
1.87703914687702
1.74805233709839
5.53063460148961
3.57485006440468
3.49745797853751
3.11049754920162
3.3942685307146
1.92863387078847
1.43848399362968
2.80709748162387
3.62644478831613
5.37585042975525
3.57485006440468
3.03310546333444
2.00602595665565
0.825515582583225
4.85990319064074
3.75543159809476
3.16826054900404
3.70383687418331
2.85869220553533
1.46428135558541
3.65224215027186
5.06628208628654
5.3242557058438
3.44586325462605
1.30949718385105
2.67811067184525
2.47173177619944
2.80709748162387
5.27266098193235
1.9544312327442
2.96188165335823
1.51587607949686
1.10928656409621
3.60064742636041
5.58222932540106
3.78122896005049
1.13508392605193
2.85869220553533
4.27273214155001
3.26528172093597
5.50483723953388
3.11666582509258
4.35012422741718
1.87703914687702
1.61906552731976
2.70390803380097
3.47166061658178
5.3242557058438
1.87703914687702
1.41268663167395
5.65962141126824
3.23948435898025
2.8328948435796
0.928705030406128
1.79964706100984
2.00602595665565
0.567541963025967
3.65224215027186
2.0576206805671
1.69645761318694
5.06628208628654
2.70390803380097
5.53063460148961
3.01347637726968
1.30949718385105
3.26528172093597
1.98022859469992
4.65969257088589
3.31687644484743
1.72225497514266
3.49745797853751
4.65969257088589
1.61906552731976
1.13508392605193
5.50483723953388
3.23948435898025
3.83282368396194
3.80702632200622
3.62644478831613
2.7297053957567
3.11049754920162
5.04048472433082
2.00602595665565
3.03927373922541
3.00730810137872
3.65224215027186
1.41885490756492
5.58222932540106
1.2579024599396
1.41268663167395
5.47903987757815
3.47166061658178
1.28986809778629
2.00602595665565
5.14367417215372
3.75543159809476
1.79964706100984
3.57485006440468
3.47166061658178
1.82544442296557
1.74805233709839
2.52332650011089
2.49752913815516
4.91149791455219
1.00609711627331
4.71128729479735
3.42006589267033
3.11049754920162
4.94346355239888
1.33529454580678
4.81447674262025
3.08470018724589
2.57492122402234
1.03189447822903
3.00730810137872
1.56747080340831
2.49752913815516
1.20630773602815
3.31687644484743
3.06507110118113
4.35012422741718
3.85862104591767
3.05890282529017
3.42006589267033
3.34267380680315
0.67073141084887
1.46428135558541
2.91028692944678
1.38688926971823
2.98767901531395
1.59326816536403
2.8328948435796
3.70383687418331
3.11049754920162
1.61906552731976
1.3610919077625
2.65231330988952
3.1878896350688
3.65224215027186
3.70383687418331
3.23948435898025
1.10928656409621
1.9544312327442
1.05769184018476
3.44586325462605
3.49745797853751
2.0576206805671
3.36847116875888
4.91766619044315
2.96188165335823
3.16209227311307
4.91766619044315
3.47166061658178
1.69645761318694
1.64486288927549
1.98022859469992
0.825515582583225
3.34267380680315
1.87703914687702
2.9360842914025
3.00730810137872
3.75543159809476
1.79964706100984
3.3942685307146
3.72963423613904
3.65224215027186
4.93729527650791
0.593339324981693
3.72963423613904
4.42751631328436
3.14246318704831
2.65231330988952
3.54905270244896
4.63389520893017
0.773920858671774
5.06628208628654
1.51587607949686
3.49745797853751
3.75543159809476
1.05769184018476
3.11049754920162
2.88448956749105
5.53063460148961
3.78122896005049
5.01468736237509
1.92863387078847
3.72963423613904
3.62644478831613
1.10928656409621
4.58230048501872
5.35005306779953
0.799718220627499
3.05890282529017
1.61906552731976
0.928705030406128
3.49745797853751
3.65224215027186
1.3610919077625
1.79964706100984
3.44586325462605
4.80830846672928
4.96309263846364
1.16088128800766
4.45331367524009
4.93729527650791
1.98022859469992
2.49752913815516
3.34267380680315
1.00609711627331
1.56747080340831
3.36847116875888
5.3242557058438
1.34146282169774
1.05769184018476
3.19405791095976
3.09086846313686
4.37592158937291
5.2210662580209
4.78867938066452
3.13629491115734
2.70390803380097
3.2910790828917
3.70383687418331
3.42006589267033
3.19405791095976
4.88570055259646
1.98022859469992
2.96188165335823
3.16209227311307
3.44586325462605
3.14246318704831
3.60064742636041
5.06628208628654
3.80702632200622
1.41268663167395
2.9360842914025
3.11666582509258
5.2210662580209
1.79964706100984
1.05769184018476
4.96309263846364
1.43848399362968
1.2579024599396
3.03310546333444
1.36726018365347
3.65224215027186
1.51587607949686
0.954502392361854
3.83282368396194
5.55643196344533
1.3610919077625
0.567541963025967
3.67803951222759
1.38688926971823
5.2210662580209
2.52332650011089
3.85862104591767
5.3242557058438
3.75543159809476
3.3942685307146
3.83282368396194
1.36726018365347
1.49007871754113
5.60802668735678
5.16947153410945
5.58222932540106
1.00609711627331
1.18667864996339
1.67066025123121
3.57485006440468
3.36847116875888
3.31687644484743
3.47166061658178
1.56747080340831
2.60071858597807
3.70383687418331
4.88570055259646
2.03182331861137
4.40171895132864
1.23827337387484
1.26407073583056
5.06628208628654
5.27266098193235
3.26528172093597
3.11049754920162
4.7628820187088
4.40171895132864
4.80830846672928
1.90283650883274
3.00730810137872
3.65224215027186
1.59326816536403
3.11049754920162
5.37585042975525
5.60802668735678
5.06628208628654
5.4274451536667
4.58230048501872
3.16209227311307
2.67811067184525
3.36847116875888
3.80702632200622
5.19526889606517
4.93729527650791
3.44586325462605
4.93729527650791
1.92863387078847
4.80830846672928
4.7628820187088
0.98029975431758
2.8328948435796
3.44586325462605
5.04048472433082
4.98889000041937
2.98767901531395
3.11666582509258
1.82544442296557
3.42006589267033
5.24686361997662
2.62651594793379
5.37585042975525
3.75543159809476
1.69645761318694
3.3942685307146
4.93729527650791
5.14367417215372
2.88448956749105
1.82544442296557
1.61906552731976
0.67073141084887
3.1878896350688
3.36847116875888
1.61906552731976
3.62644478831613
1.59326816536403
3.31687644484743
1.79964706100984
2.39433969033226
3.80702632200622
5.50483723953388
1.10928656409621
2.39433969033226
3.3942685307146
1.54167344145258
3.16209227311307
3.83282368396194
5.60802668735678
5.09207944824227
2.65231330988952
2.52332650011089
3.1878896350688
1.59326816536403
5.24686361997662
1.92863387078847
5.53063460148961
1.64486288927549
3.23948435898025
3.80702632200622
1.00609711627331
5.06628208628654
1.9544312327442
5.65962141126824
1.28986809778629
3.00730810137872
3.60064742636041
0.877110306494677
3.11049754920162
3.31687644484743
3.00730810137872
1.28986809778629
0.567541963025967
1.20630773602815
4.85990319064074
3.11049754920162
3.13629491115734
3.67803951222759
3.57485006440468
1.08348920214048
4.99505827631033
3.80702632200622
3.23948435898025
1.77384969905411
2.00602595665565
3.13629491115734
5.63382404931251
1.54167344145258
3.21368699702452
1.46428135558541
3.03310546333444
3.72963423613904
2.00602595665565
0.619136686937419
3.70383687418331
0.748123496716048
3.83282368396194
3.16209227311307
1.82544442296557
3.67803951222759
3.67803951222759
4.47911103719581
1.51587607949686
4.91766619044315
1.21247601191911
1.77384969905411
4.96309263846364
5.65962141126824
4.93729527650791
1.41268663167395
2.70390803380097
4.19534005568283
3.60064742636041
3.06507110118113
3.44586325462605
4.93729527650791
0.799718220627499
3.34267380680315
3.49745797853751
5.37585042975525
1.3610919077625
3.65224215027186
1.20630773602815
1.3610919077625
1.74805233709839
3.42006589267033
2.67811067184525
0.593339324981693
4.71128729479735
1.20630773602815
3.31687644484743
5.29845834388807
3.31687644484743
3.00730810137872
1.05769184018476
0.773920858671774
1.16088128800766
3.16209227311307
3.44586325462605
5.55643196344533
1.59326816536403
3.2910790828917
5.19526889606517
1.46428135558541
4.71128729479735
1.46428135558541
0.696528772804596
3.54905270244896
3.00730810137872
5.47903987757815
3.11049754920162
2.85869220553533
3.75543159809476
3.52325534049323
3.1878896350688
3.21985527291549
1.87703914687702
3.44586325462605
5.4274451536667
2.49752913815516
4.45331367524009
1.46428135558541
4.8660714665317
3.42006589267033
1.18667864996339
1.00609711627331
5.55643196344533
4.60809784697444
1.49007871754113
1.77384969905411
2.54912386206662
2.91028692944678
4.85990319064074
3.31687644484743
3.80702632200622
3.34267380680315
4.45331367524009
5.16947153410945
4.19534005568283
2.75550275771242
3.34267380680315
4.63389520893017
3.72963423613904
3.01347637726968
3.31687644484743
4.42751631328436
1.67066025123121
3.80702632200622
2.57492122402234
1.33529454580678
3.11049754920162
2.98767901531395
3.13629491115734
1.90283650883274
1.23210509798387
3.21985527291549
5.09207944824227
3.60064742636041
3.21985527291549
2.98767901531395
5.63382404931251
3.1878896350688
3.62644478831613
1.56747080340831
3.23948435898025
4.98889000041937
2.47173177619944
3.75543159809476
4.91766619044315
3.49745797853751
2.0576206805671
3.21368699702452
4.65969257088589
3.19405791095976
3.60064742636041
3.03310546333444
2.75550275771242
3.19405791095976
3.47166061658178
3.57485006440468
3.42006589267033
5.35005306779953
3.2910790828917
4.98889000041937
1.28369982189532
4.37592158937291
5.24686361997662
5.47903987757815
3.23948435898025
1.69645761318694
3.42006589267033
5.19526889606517
3.57485006440468
4.78867938066452
3.13629491115734
1.77384969905411
0.619136686937419
4.88570055259646
2.70390803380097
2.03182331861137
5.09207944824227
3.78122896005049
3.01347637726968
5.09207944824227
3.47166061658178
1.77384969905411
3.19405791095976
3.42006589267033
4.85990319064074
4.81447674262025
1.9544312327442
0.825515582583225
2.96188165335823
5.2210662580209
3.3942685307146
1.30949718385105
3.60064742636041
2.7297053957567
3.00730810137872
2.96188165335823
2.78130011966815
1.34146282169774
1.23210509798387
3.75543159809476
3.13629491115734
1.38688926971823
2.91028692944678
3.42006589267033
2.75550275771242
3.11049754920162
3.16826054900404
5.06628208628654
5.58222932540106
1.82544442296557
1.59326816536403
3.26528172093597
3.42006589267033
3.34267380680315
1.13508392605193
3.13629491115734
4.88570055259646
5.2210662580209
5.14367417215372
3.62644478831613
2.52332650011089
2.80709748162387
3.52325534049323
1.34146282169774
2.39433969033226
5.60802668735678
3.42006589267033
1.36726018365347
2.60071858597807
3.70383687418331
3.08470018724589
5.2210662580209
2.0576206805671
1.30949718385105
0.67073141084887
1.79964706100984
3.36847116875888
4.1695426937271
2.47173177619944
2.42013705228799
1.77384969905411
2.67811067184525
3.36847116875888
3.83282368396194
3.3942685307146
3.26528172093597
3.09086846313686
5.09207944824227
2.62651594793379
3.1878896350688
3.65224215027186
2.0576206805671
0.773920858671774
2.7297053957567
4.99505827631033
3.60064742636041
3.05890282529017
2.85869220553533
2.54912386206662
1.72225497514266
3.44586325462605
3.16826054900404
3.3942685307146
1.64486288927549
3.16826054900404
5.65962141126824
3.67803951222759
3.05890282529017
1.28986809778629
2.0576206805671
4.9692609143546
3.3942685307146
3.36847116875888
3.14246318704831
3.54905270244896
3.54905270244896
3.05890282529017
3.13629491115734
3.1878896350688
4.81447674262025
2.7297053957567
3.14246318704831
1.20630773602815
3.31687644484743
0.696528772804596
3.21368699702452
5.19526889606517
3.3942685307146
5.09207944824227
1.33529454580678
3.19405791095976
3.3942685307146
1.77384969905411
1.51587607949686
3.23948435898025
3.1878896350688
1.03189447822903
2.75550275771242
3.26528172093597
1.49007871754113
2.88448956749105
1.79964706100984
3.65224215027186
3.75543159809476
3.44586325462605
5.37585042975525
2.91028692944678
1.20630773602815
5.2210662580209
4.63389520893017
5.35005306779953
4.85990319064074
0.722326134760322
1.74805233709839
3.08470018724589
3.05890282529017
5.47903987757815
3.75543159809476
2.49752913815516
3.57485006440468
3.72963423613904
2.54912386206662
4.27273214155001
5.40164779171098
3.21985527291549
1.2579024599396
5.4274451536667
2.03182331861137
1.46428135558541
2.67811067184525
3.62644478831613
3.65224215027186
3.31687644484743
1.92863387078847
2.47173177619944
3.31687644484743
3.23948435898025
4.71128729479735
1.67066025123121
5.27266098193235
0.696528772804596
3.60064742636041
3.00730810137872
1.51587607949686
3.83282368396194
4.81447674262025
3.3942685307146
1.34146282169774
2.54912386206662
5.4274451536667
1.54167344145258
3.42006589267033
3.57485006440468
5.3242557058438
3.19405791095976
1.56747080340831
2.49752913815516
5.47903987757815
2.85869220553533
3.42006589267033
1.98022859469992
0.928705030406128
0.877110306494677
2.91028692944678
1.05769184018476
3.83282368396194
1.05769184018476
1.23827337387484
5.40164779171098
3.47166061658178
3.09086846313686
0.825515582583225
2.85869220553533
5.58222932540106
2.85869220553533
3.09086846313686
3.31687644484743
4.88570055259646
1.2579024599396
5.3242557058438
2.8328948435796
5.50483723953388
2.54912386206662
5.40164779171098
1.23827337387484
3.08470018724589
3.70383687418331
2.96188165335823
1.16088128800766
2.00602595665565
2.65231330988952
5.24686361997662
2.42013705228799
1.92863387078847
3.62644478831613
2.52332650011089
3.03310546333444
4.27273214155001
3.57485006440468
4.60809784697444
5.06628208628654
5.06628208628654
3.31687644484743
3.03927373922541
3.03310546333444
0.67073141084887
3.21985527291549
3.57485006440468
1.51587607949686
2.91028692944678
3.52325534049323
3.03927373922541
4.93729527650791
3.75543159809476
3.21368699702452
3.65224215027186
2.65231330988952
5.65962141126824
2.67811067184525
2.44593441424371
1.64486288927549
3.72963423613904
3.16209227311307
4.32432686546146
1.13508392605193
1.49007871754113
3.52325534049323
5.29845834388807
4.47911103719581
5.16947153410945
4.55650312306299
4.24693477959428
3.11049754920162
3.08470018724589
1.67066025123121
5.19526889606517
2.9360842914025
3.44586325462605
3.57485006440468
2.49752913815516
4.83410582868501
3.05890282529017
3.49745797853751
3.34267380680315
3.44586325462605
1.46428135558541
2.60071858597807
5.24686361997662
4.9692609143546
3.49745797853751
3.2910790828917
5.06628208628654
4.37592158937291
4.47911103719581
1.54167344145258
3.21368699702452
