-1.10355641351067
0.879688203949072
-0.365854183265383
-0.241308078323976
-0.210171552088624
-0.295796999235842
-0.404774841059573
-1.10355641351067
-1.00236270324578
-0.311365262353517
0.988666045772803
-0.947873782333914
-0.280228736118166
-1.14247707130486
-1.02571509792229
-0.217955683647462
-1.06463575571648
-0.280228736118166
-1.04906749259881
-0.947873782333914
-0.233523946765138
-0.194603288970948
-1.17361359754021
-0.404774841059573
-0.979010308569265
-1.16582946598138
0.988666045772803
-0.202387420529786
-0.381422446383059
0.965313651096289
-1.07241988727532
-0.18681915741211
0.965313651096289
-1.15804533442254
-1.1502612028637
-1.07241988727532
-1.12690880818719
-1.01793096636346
-0.932305519216238
-0.940089650775076
-0.26466047300049
-1.18139772909905
-1.10355641351067
-0.256876341441652
-0.272444604559328
-0.373638314824221
-1.04906749259881
-1.09577228195183
-1.03349922948113
-0.334717657030031
-0.326933525471193
-1.03349922948113
-0.940089650775076
-1.11912467662835
-0.210171552088624
-0.373638314824221
-1.17361359754021
-0.217955683647462
-1.06463575571648
-1.14247707130486
-1.17361359754021
0.918608861743261
-0.404774841059573
-1.11134054506951
-1.11134054506951
-0.256876341441652
-0.955657913892751
0.77071036212534
-0.986794440128103
-0.979010308569265
-1.10355641351067
1.67966348666506
-0.979010308569265
-0.994578571686941
-1.18918186065789
-1.1502612028637
-0.986794440128103
-1.11912467662835
-0.420343104177249
-1.18918186065789
-0.210171552088624
-0.365854183265383
-0.342501788588869
0.832983414596044
-0.217955683647462
-0.2257398152063
-1.04128336103997
-1.06463575571648
-0.233523946765138
-1.04906749259881
-1.16582946598138
-0.179035025853273
-0.963442045451589
-0.342501788588869
-1.11912467662835
-1.07241988727532
-1.00236270324578
-1.01793096636346
-0.358070051706545
-0.288012867677004
-1.04906749259881
-0.971226177010427
-1.04128336103997
-0.319149393912355
-1.07241988727532
-1.11134054506951
-0.963442045451589
-0.389206577941897
-1.04128336103997
-1.18139772909905
-1.14247707130486
0.832983414596044
-1.03349922948113
0.80963101991953
1.63295869731204
-1.11134054506951
-1.18918186065789
-0.986794440128103
0.856335809272558
-0.326933525471193
1.64074282887087
-0.971226177010427
-1.11134054506951
0.747357967448827
3.61620331477178
-0.381422446383059
-1.00236270324578
-0.971226177010427
-1.18139772909905
-1.15804533442254
-0.389206577941897
-1.17361359754021
-1.11134054506951
-1.01014683480462
-0.955657913892751
-0.18681915741211
0.747357967448827
-1.00236270324578
-0.932305519216238
-1.16582946598138
-0.217955683647462
-1.01014683480462
-1.06463575571648
-0.979010308569265
-0.396990709500735
-1.05685162415764
-0.420343104177249
-0.940089650775076
-0.233523946765138
-1.10355641351067
-0.971226177010427
-0.311365262353517
-1.18139772909905
-0.963442045451589
-0.171250894294435
-1.04906749259881
1.52398085548831
-1.00236270324578
-1.00236270324578
-0.171250894294435
-1.13469293974602
-1.09577228195183
-1.1502612028637
-1.10355641351067
-1.08020401883416
-0.963442045451589
-1.04906749259881
-1.1502612028637
-1.00236270324578
-0.303581130794679
0.80963101991953
-1.10355641351067
-1.10355641351067
-0.940089650775076
-1.17361359754021
-0.249092209882814
-0.947873782333914
-1.15804533442254
-0.412558972618411
-1.14247707130486
-0.319149393912355
-1.01014683480462
-1.12690880818719
-1.01014683480462
-1.087988150393
-1.06463575571648
-0.963442045451589
-0.26466047300049
-0.202387420529786
-0.303581130794679
-1.07241988727532
-1.15804533442254
-0.350285920147707
-1.02571509792229
-0.334717657030031
-1.11134054506951
-1.16582946598138
-1.16582946598138
-0.342501788588869
-0.319149393912355
-0.202387420529786
-1.01014683480462
-1.14247707130486
-0.396990709500735
-0.2257398152063
-1.13469293974602
-1.05685162415764
-0.272444604559328
-1.07241988727532
-1.087988150393
-1.13469293974602
-0.994578571686941
-1.18918186065789
-1.00236270324578
-0.311365262353517
-0.280228736118166
-1.11134054506951
-1.17361359754021
-0.171250894294435
-1.12690880818719
0.739573835889989
-1.08020401883416
-1.01014683480462
-0.272444604559328
-1.1502612028637
-0.365854183265383
-0.963442045451589
-1.01014683480462
-1.16582946598138
-0.319149393912355
-1.02571509792229
-1.087988150393
-1.08020401883416
-0.319149393912355
0.871904072390234
-0.342501788588869
-1.14247707130486
-1.00236270324578
-1.18139772909905
-1.17361359754021
-1.11912467662835
-0.280228736118166
-0.963442045451589
-1.00236270324578
-1.17361359754021
1.55511738172366
-0.932305519216238
-1.12690880818719
1.50062846081179
-1.16582946598138
-0.947873782333914
-0.994578571686941
-1.13469293974602
-1.07241988727532
-0.389206577941897
-1.17361359754021
-1.03349922948113
-1.15804533442254
-1.11134054506951
-1.10355641351067
-1.07241988727532
-1.11912467662835
-1.09577228195183
-0.217955683647462
-0.210171552088624
-0.963442045451589
-0.303581130794679
-0.334717657030031
-1.05685162415764
-0.963442045451589
-0.404774841059573
-0.971226177010427
-0.365854183265383
-0.955657913892751
1.69523174978274
1.61739043419436
-0.932305519216238
0.887472335507909
-0.210171552088624
-0.932305519216238
-1.02571509792229
-0.381422446383059
-0.2257398152063
-1.18918186065789
-0.947873782333914
-1.05685162415764
-1.03349922948113
-0.202387420529786
-1.01014683480462
-0.334717657030031
-0.986794440128103
-0.358070051706545
-1.04906749259881
-0.311365262353517
-1.14247707130486
-0.963442045451589
-1.05685162415764
-0.979010308569265
-0.256876341441652
-0.986794440128103
-1.12690880818719
-1.14247707130486
-1.00236270324578
-0.334717657030031
-1.15804533442254
-0.319149393912355
-1.06463575571648
-1.08020401883416
-1.18918186065789
-1.04128336103997
-0.396990709500735
-0.350285920147707
-0.979010308569265
-0.396990709500735
-1.07241988727532
-1.08020401883416
-1.06463575571648
-1.16582946598138
-0.249092209882814
-1.03349922948113
-1.13469293974602
-0.342501788588869
-0.932305519216238
-1.15804533442254
-1.11134054506951
-1.04906749259881
-1.1502612028637
-1.12690880818719
-0.971226177010427
-0.179035025853273
-1.1502612028637
-0.249092209882814
-0.404774841059573
-0.256876341441652
-1.09577228195183
-0.311365262353517
-0.233523946765138
-1.01014683480462
-1.02571509792229
-1.08020401883416
-1.15804533442254
-0.319149393912355
-0.963442045451589
-0.326933525471193
-1.1502612028637
-1.16582946598138
-0.994578571686941
-1.1502612028637
-1.1502612028637
-1.11912467662835
-0.334717657030031
-0.295796999235842
-1.09577228195183
1.6874476182239
-0.947873782333914
0.871904072390234
-0.280228736118166
-1.08020401883416
-1.12690880818719
-0.979010308569265
-1.11134054506951
-1.06463575571648
-0.932305519216238
-0.979010308569265
-0.350285920147707
-0.256876341441652
-0.971226177010427
-1.16582946598138
-0.210171552088624
-1.03349922948113
-0.303581130794679
-1.04128336103997
-1.04128336103997
-1.087988150393
-0.404774841059573
-0.319149393912355
-0.420343104177249
1.53954911860598
-0.233523946765138
-1.05685162415764
-0.358070051706545
-0.971226177010427
-0.272444604559328
-1.01793096636346
-1.14247707130486
-1.05685162415764
-0.420343104177249
-0.955657913892751
-1.16582946598138
-0.350285920147707
-0.979010308569265
-1.06463575571648
-0.404774841059573
-1.11134054506951
-1.01014683480462
-1.17361359754021
0.934177124860937
-0.342501788588869
-0.396990709500735
-1.05685162415764
-1.11134054506951
-0.319149393912355
-0.979010308569265
-1.00236270324578
-0.947873782333914
-0.940089650775076
-0.412558972618411
-1.12690880818719
-1.02571509792229
1.64074282887087
-1.18139772909905
-1.15804533442254
-0.979010308569265
-0.171250894294435
-1.13469293974602
-0.986794440128103
-1.05685162415764
-0.217955683647462
-1.18918186065789
-1.087988150393
-1.15804533442254
-1.04906749259881
0.747357967448827
-0.412558972618411
-1.01793096636346
-1.17361359754021
-1.04128336103997
-1.16582946598138
-0.303581130794679
-0.358070051706545
-1.07241988727532
-1.10355641351067
-1.04128336103997
-1.02571509792229
-1.07241988727532
0.887472335507909
-0.241308078323976
-1.14247707130486
-0.955657913892751
-1.18139772909905
-0.241308078323976
-0.373638314824221
-0.381422446383059
-1.01014683480462
-1.07241988727532
-1.01014683480462
-0.963442045451589
-0.350285920147707
-0.241308078323976
-0.932305519216238
-1.14247707130486
-0.932305519216238
-1.12690880818719
-1.04906749259881
-0.963442045451589
-1.10355641351067
-1.17361359754021
-1.01014683480462
-1.11912467662835
-0.295796999235842
0.949745387978613
-0.26466047300049
-1.04128336103997
-1.17361359754021
-1.04906749259881
-0.971226177010427
-1.06463575571648
-0.971226177010427
-1.1502612028637
-0.932305519216238
-0.350285920147707
1.63295869731204
-0.311365262353517
-1.06463575571648
-1.00236270324578
-0.986794440128103
-0.358070051706545
-0.396990709500735
-1.11912467662835
0.871904072390234
-1.06463575571648
-0.249092209882814
-1.10355641351067
-1.15804533442254
-1.08020401883416
-1.04906749259881
-0.971226177010427
-1.03349922948113
-0.326933525471193
-1.11912467662835
-1.05685162415764
-0.202387420529786
-0.986794440128103
-1.04128336103997
-1.05685162415764
-1.11912467662835
-1.04906749259881
-1.02571509792229
-1.11134054506951
-0.179035025853273
-1.17361359754021
-1.14247707130486
-0.334717657030031
1.74972067069461
-1.04906749259881
-1.03349922948113
-0.979010308569265
-1.18139772909905
-1.17361359754021
-1.01793096636346
-0.256876341441652
-0.217955683647462
0.941961256419775
-1.04906749259881
-1.06463575571648
-1.1502612028637
-1.1502612028637
-1.06463575571648
-1.00236270324578
-1.17361359754021
-0.303581130794679
-1.01014683480462
-1.15804533442254
-1.18918186065789
-0.389206577941897
-0.932305519216238
-1.11134054506951
1.66409522354739
-0.963442045451589
-1.02571509792229
0.996450177331641
-0.389206577941897
-0.171250894294435
0.996450177331641
-0.947873782333914
-0.963442045451589
-0.971226177010427
0.794062756801854
-1.10355641351067
-0.326933525471193
-0.420343104177249
-1.17361359754021
0.926392993302099
-1.10355641351067
-1.17361359754021
0.957529519537451
-1.18139772909905
-1.03349922948113
-0.994578571686941
-1.01014683480462
0.988666045772803
-1.1502612028637
-1.17361359754021
-0.18681915741211
-1.14247707130486
-0.2257398152063
-1.18139772909905
-0.979010308569265
-1.11912467662835
0.794062756801854
-1.13469293974602
-0.26466047300049
-1.02571509792229
-0.396990709500735
-0.365854183265383
2.75395497958508
-0.979010308569265
-1.18918186065789
-0.971226177010427
-0.994578571686941
1.65631109198855
-0.179035025853273
-1.11134054506951
-0.381422446383059
-1.06463575571648
-0.971226177010427
-0.241308078323976
-1.03349922948113
-1.08020401883416
-1.10355641351067
-0.979010308569265
-1.12690880818719
2.92520587387952
0.949745387978613
0.832983414596044
-1.05685162415764
1.66409522354739
1.74972067069461
-0.334717657030031
-0.932305519216238
-1.02571509792229
-1.08020401883416
-1.02571509792229
-0.932305519216238
-0.319149393912355
-0.233523946765138
-0.350285920147707
-0.979010308569265
-1.06463575571648
-1.15804533442254
-1.04906749259881
0.910824730184423
-1.04906749259881
-1.01014683480462
-0.334717657030031
0.918608861743261
-0.210171552088624
-1.09577228195183
-0.932305519216238
-1.13469293974602
-0.963442045451589
-0.319149393912355
-1.15804533442254
0.840767546154882
-0.986794440128103
1.50062846081179
0.794062756801854
-1.06463575571648
-1.11912467662835
-0.210171552088624
-0.256876341441652
-1.01014683480462
-0.381422446383059
-1.05685162415764
-0.358070051706545
-0.303581130794679
-1.15804533442254
-0.303581130794679
-1.01793096636346
-1.10355641351067
-0.2257398152063
-0.334717657030031
-0.947873782333914
-1.02571509792229
-1.17361359754021
-1.03349922948113
-0.256876341441652
-1.04128336103997
-0.179035025853273
-0.288012867677004
-1.03349922948113
-0.311365262353517
-1.1502612028637
-0.365854183265383
-1.02571509792229
-0.249092209882814
-1.07241988727532
-1.17361359754021
-0.233523946765138
-0.971226177010427
-0.963442045451589
1.57068564484133
-0.971226177010427
0.786278625243016
-0.940089650775076
-0.428127235736086
-1.01793096636346
-1.11134054506951
-0.428127235736086
-0.358070051706545
-1.18139772909905
0.941961256419775
-1.11912467662835
0.887472335507909
-1.00236270324578
-0.986794440128103
-0.202387420529786
-1.15804533442254
-0.396990709500735
-1.08020401883416
0.739573835889989
-0.994578571686941
-0.319149393912355
-0.420343104177249
-1.11134054506951
-0.940089650775076
-0.288012867677004
-0.420343104177249
-1.07241988727532
-1.10355641351067
-1.05685162415764
-1.09577228195183
0.910824730184423
-0.986794440128103
-0.955657913892751
-0.233523946765138
-1.06463575571648
-1.13469293974602
0.926392993302099
-1.08020401883416
-1.05685162415764
-1.04906749259881
0.825199283037206
-0.358070051706545
-0.971226177010427
-1.10355641351067
-0.18681915741211
-0.955657913892751
-0.272444604559328
-1.18139772909905
-1.01793096636346
-1.16582946598138
-0.365854183265383
-1.01793096636346
-1.07241988727532
-1.10355641351067
-0.420343104177249
0.871904072390234
-0.947873782333914
-0.365854183265383
-1.15804533442254
-0.249092209882814
-0.350285920147707
-1.05685162415764
-1.04906749259881
-0.963442045451589
-1.11134054506951
-0.280228736118166
0.996450177331641
-0.350285920147707
-0.295796999235842
-0.404774841059573
-0.940089650775076
-1.15804533442254
-0.971226177010427
-0.986794440128103
-0.334717657030031
0.871904072390234
-0.288012867677004
-0.963442045451589
1.51619672392947
-1.01014683480462
-1.16582946598138
-1.11912467662835
-1.04906749259881
-1.01014683480462
-1.05685162415764
0.895256467066747
1.58625390795901
-0.971226177010427
-0.955657913892751
-1.05685162415764
-1.03349922948113
-1.11912467662835
-0.217955683647462
-0.303581130794679
-1.087988150393
-0.404774841059573
-0.179035025853273
-1.17361359754021
-1.05685162415764
-0.412558972618411
-0.241308078323976
-1.14247707130486
-0.955657913892751
-1.05685162415764
-1.18918186065789
0.965313651096289
-0.202387420529786
-1.11134054506951
-1.04128336103997
-0.171250894294435
-0.202387420529786
-0.18681915741211
0.825199283037206
-0.26466047300049
-1.04128336103997
-1.18139772909905
-1.04906749259881
-1.01014683480462
-0.389206577941897
-1.01793096636346
-0.249092209882814
-0.986794440128103
-1.12690880818719
-1.18918186065789
-0.233523946765138
-0.280228736118166
-0.420343104177249
-1.11134054506951
-0.947873782333914
-0.319149393912355
1.70301588134158
-1.087988150393
-1.06463575571648
-0.412558972618411
-1.04906749259881
-1.06463575571648
1.51619672392947
-1.18918186065789
-1.13469293974602
0.980881914213965
-0.389206577941897
-1.18918186065789
-0.412558972618411
-1.04906749259881
0.887472335507909
-0.404774841059573
0.832983414596044
-1.09577228195183
-0.947873782333914
-0.971226177010427
-0.986794440128103
-0.365854183265383
1.64852696042971
-0.404774841059573
-0.932305519216238
-1.02571509792229
-0.210171552088624
-0.994578571686941
-1.04906749259881
-1.04906749259881
-1.01793096636346
-0.971226177010427
-0.420343104177249
-1.04906749259881
0.825199283037206
-1.02571509792229
-1.00236270324578
-0.986794440128103
-0.311365262353517
-0.288012867677004
-1.01014683480462
-1.01793096636346
-0.326933525471193
-1.11134054506951
-1.12690880818719
-1.15804533442254
-1.06463575571648
-1.10355641351067
-0.334717657030031
-0.932305519216238
-1.05685162415764
-0.311365262353517
-1.09577228195183
-0.947873782333914
-0.217955683647462
-1.09577228195183
0.973097782655127
-0.947873782333914
-1.13469293974602
-1.15804533442254
-0.210171552088624
-1.10355641351067
-1.1502612028637
-0.2257398152063
-0.202387420529786
-1.11134054506951
-0.428127235736086
-0.947873782333914
-1.11912467662835
-1.18139772909905
-1.01014683480462
-0.26466047300049
-1.11912467662835
-1.12690880818719
-1.02571509792229
-1.1502612028637
-0.202387420529786
-1.02571509792229
-1.00236270324578
-0.334717657030031
0.856335809272558
-1.07241988727532
-0.210171552088624
-1.11134054506951
-0.932305519216238
-1.02571509792229
-1.18139772909905
-0.365854183265383
-1.04906749259881
-0.404774841059573
-0.2257398152063
-1.11912467662835
-1.03349922948113
-1.05685162415764
-1.10355641351067
-1.087988150393
-0.420343104177249
0.887472335507909
-0.210171552088624
-1.13469293974602
-0.319149393912355
-1.05685162415764
-1.16582946598138
-0.280228736118166
-0.26466047300049
1.59403803951785
1.60960630263552
-1.18139772909905
1.60960630263552
-0.373638314824221
-1.11134054506951
-1.07241988727532
-0.389206577941897
-0.249092209882814
-0.319149393912355
-1.16582946598138
-0.319149393912355
-0.389206577941897
-1.02571509792229
-0.955657913892751
-0.947873782333914
-1.087988150393
-0.311365262353517
-1.14247707130486
1.70301588134158
-1.11134054506951
-0.373638314824221
-0.955657913892751
-1.14247707130486
-0.350285920147707
-0.350285920147707
-1.17361359754021
-0.256876341441652
-1.06463575571648
-0.18681915741211
-1.1502612028637
-1.11912467662835
-0.217955683647462
-0.940089650775076
-0.202387420529786
-1.10355641351067
-0.303581130794679
-1.01014683480462
-1.01014683480462
-1.02571509792229
-0.373638314824221
-0.940089650775076
1.72636827601809
-0.428127235736086
-1.10355641351067
-1.02571509792229
-0.334717657030031
-1.087988150393
-0.373638314824221
-0.971226177010427
-1.15804533442254
-0.994578571686941
0.801846888360692
-0.256876341441652
-1.18918186065789
1.66409522354739
-0.194603288970948
-1.06463575571648
-1.1502612028637
-0.979010308569265
-0.217955683647462
-0.342501788588869
-1.01793096636346
-1.087988150393
-1.08020401883416
-0.26466047300049
-1.04128336103997
-0.288012867677004
-0.194603288970948
-0.963442045451589
-0.955657913892751
-1.07241988727532
-1.04906749259881
-0.342501788588869
-1.06463575571648
-1.10355641351067
-0.210171552088624
-0.940089650775076
-0.947873782333914
-1.08020401883416
0.895256467066747
-1.06463575571648
-1.01014683480462
-0.241308078323976
-1.06463575571648
-0.412558972618411
-1.08020401883416
-1.01793096636346
-1.01014683480462
-0.233523946765138
-0.26466047300049
-1.03349922948113
-0.994578571686941
