1 44
1 37
0 47
0 31
0 27
0 38
0 52
1 44
1 31
0 40
1 23
1 24
0 36
1 49
1 34
0 28
1 39
0 36
1 37
1 24
0 30
0 25
1 53
0 52
1 28
1 52
1 23
0 26
0 49
1 26
1 40
0 24
1 26
1 51
1 50
1 40
1 47
1 33
1 22
1 23
0 34
1 54
1 44
0 33
0 35
0 48
1 37
1 43
1 35
0 43
0 42
1 35
1 23
1 46
0 27
0 48
1 53
0 28
1 39
1 49
1 53
1 32
0 52
1 45
1 45
0 33
1 25
1 51
1 29
1 28
1 44
0 32
1 28
1 30
1 55
1 50
1 29
1 46
0 54
1 55
0 27
0 47
0 44
1 43
0 28
0 29
1 36
1 39
0 30
1 37
1 52
0 23
1 26
0 44
1 46
1 40
1 31
1 33
0 46
0 37
1 37
1 27
1 36
0 41
1 40
1 45
1 26
0 50
1 36
1 54
1 49
1 43
1 35
1 46
0 38
1 45
1 55
1 29
1 40
0 42
0 37
1 27
1 45
1 54
0 31
0 49
1 31
1 27
1 54
1 51
0 50
1 53
1 45
1 32
1 25
0 24
1 54
1 31
1 22
1 52
0 28
1 32
1 39
1 28
0 51
1 38
0 54
1 23
0 30
1 44
1 27
0 40
1 54
1 26
0 22
1 37
0 52
1 31
1 31
0 22
1 48
1 43
1 50
1 44
1 41
1 26
1 37
1 50
1 31
0 39
1 46
1 44
1 44
1 23
1 53
0 32
1 24
1 51
0 53
1 49
0 41
1 32
1 47
1 32
1 42
1 39
1 26
0 34
0 26
0 39
1 40
1 51
0 45
1 34
0 43
1 45
1 52
1 52
0 44
0 41
0 26
1 32
1 49
0 51
0 29
1 48
1 38
0 35
1 40
1 42
1 48
1 30
1 55
1 31
0 40
0 36
1 45
1 53
0 22
1 47
1 55
1 41
1 32
0 35
1 50
0 47
1 26
1 32
1 52
0 41
1 34
1 42
1 41
0 41
1 38
0 44
1 49
1 31
1 54
1 53
1 46
0 36
1 26
1 31
1 53
0 48
1 22
1 47
0 55
1 52
1 24
1 30
1 48
1 40
0 50
1 53
1 35
1 51
1 45
1 44
1 40
1 46
1 43
0 28
0 27
1 26
0 39
0 43
1 38
1 26
0 52
1 27
0 47
1 25
0 30
0 40
1 22
1 36
0 27
1 22
1 34
0 49
0 29
1 55
1 24
1 38
1 35
0 26
1 32
0 43
1 29
0 46
1 37
0 40
1 49
1 26
1 38
1 28
0 33
1 29
1 47
1 49
1 31
0 43
1 51
0 41
1 39
1 41
1 55
1 36
0 51
0 45
1 28
0 51
1 40
1 41
1 39
1 52
0 32
1 35
1 48
0 44
1 22
1 51
1 45
1 37
1 50
1 47
1 27
0 23
1 50
0 32
0 52
0 33
1 43
0 40
0 30
1 32
1 34
1 41
1 51
0 41
1 26
0 42
1 50
1 52
1 30
1 50
1 50
1 46
0 43
0 38
1 43
0 31
1 24
1 38
0 36
1 41
1 47
1 28
1 45
1 39
1 22
1 28
0 45
0 33
1 27
1 52
0 27
1 35
0 39
1 36
1 36
1 42
0 52
0 41
0 54
0 50
0 30
1 38
0 46
1 27
0 35
1 33
1 49
1 38
0 54
1 25
1 52
0 45
1 28
1 39
0 52
1 45
1 32
1 53
1 30
0 44
0 51
1 38
1 45
0 41
1 28
1 31
1 24
1 23
0 53
1 47
1 34
0 37
1 54
1 51
1 28
0 22
1 48
1 29
1 38
0 28
1 55
1 42
1 51
1 37
1 54
0 53
1 33
1 53
1 36
1 52
0 39
0 46
1 40
1 44
1 36
1 34
1 40
1 36
0 31
1 49
1 25
1 54
0 31
0 48
0 49
1 32
1 40
1 32
1 26
0 45
0 31
1 22
1 49
1 22
1 47
1 37
1 26
1 44
1 53
1 32
1 46
0 38
1 28
0 34
1 36
1 53
1 37
1 27
1 39
1 27
1 50
1 22
0 45
0 38
0 40
1 39
1 31
1 29
0 46
0 51
1 46
1 38
1 39
0 32
1 44
1 51
1 41
1 37
1 27
1 35
0 42
1 46
1 38
0 26
1 29
1 36
1 38
1 46
1 37
1 34
1 45
0 23
1 53
1 49
0 43
0 23
1 37
1 35
1 28
1 54
1 53
1 33
0 33
0 28
1 29
1 37
1 39
1 50
1 50
1 39
1 31
1 53
0 39
1 32
1 51
1 55
0 50
1 22
1 45
0 34
1 26
1 34
1 22
0 50
0 22
1 22
1 24
1 26
1 27
1 48
1 44
0 42
0 54
1 53
1 31
1 44
1 53
1 27
1 54
1 35
1 30
1 32
1 23
1 50
1 53
0 24
1 49
0 29
1 54
1 28
1 46
1 48
1 48
0 34
1 34
0 51
0 47
1 44
1 28
1 55
1 27
1 30
0 35
0 23
1 45
0 49
1 39
1 27
0 31
1 35
1 41
1 44
1 28
1 47
1 22
1 28
1 43
1 38
0 34
0 23
0 43
1 22
1 34
1 41
1 34
1 22
0 41
0 30
0 45
1 28
1 39
1 51
1 37
1 33
1 37
1 32
0 43
1 32
0 27
1 43
1 22
1 48
1 26
0 41
1 51
1 42
1 29
0 55
1 48
1 39
1 46
0 27
0 33
1 32
0 49
1 38
0 46
0 39
1 51
0 39
1 33
1 44
0 29
0 43
1 24
1 34
1 53
1 35
0 33
1 36
0 23
0 37
1 35
0 40
1 50
0 47
1 34
0 32
1 40
1 53
0 30
1 27
1 26
0 46
1 27
1 49
1 23
0 55
1 33
1 45
0 55
0 46
1 54
1 29
1 46
1 36
1 31
1 29
0 26
1 51
0 51
1 41
1 55
1 30
0 41
0 54
1 45
1 23
0 37
0 54
1 40
1 44
1 38
1 43
1 33
1 29
1 25
0 30
1 39
1 48
1 31
1 41
1 38
1 37
1 44
0 46
1 27
1 44
0 24
1 25
0 35
1 54
1 33
1 52
0 47
1 33
1 40
1 44
0 54
1 38
1 24
0 47
1 51
0 32
0 45
1 38
1 37
1 26
1 45
0 36
1 22
0 45
0 38
0 52
1 23
1 51
1 27
1 29
0 43
1 38
0 37
1 26
0 53
1 32
1 52
1 46
1 37
1 32
1 38
1 35
0 44
1 27
1 25
1 38
1 35
1 46
0 28
0 39
1 42
0 52
0 23
1 53
1 38
0 53
0 31
1 49
1 25
1 38
1 55
1 26
0 26
1 45
1 36
0 22
0 26
0 24
1 44
0 34
1 36
1 54
1 37
1 32
0 50
1 33
0 32
1 29
1 47
1 55
0 30
0 36
0 54
1 45
1 24
0 41
0 29
1 42
1 39
0 53
1 37
1 39
0 53
1 55
1 48
1 24
0 50
1 55
0 53
1 37
1 36
0 52
1 43
1 43
1 24
1 27
1 29
0 47
0 36
0 52
1 22
1 34
0 27
1 30
1 37
1 37
1 33
1 27
0 54
1 37
1 44
1 34
1 31
1 29
0 40
0 37
1 32
1 33
0 42
1 45
1 47
1 51
1 39
1 44
0 43
1 22
1 38
0 40
1 43
1 24
0 28
1 43
1 25
1 24
1 48
1 51
0 27
1 44
1 50
0 29
0 26
1 45
0 55
1 24
1 46
1 54
1 32
0 34
1 46
1 47
1 34
1 50
0 26
1 34
1 31
0 43
1 40
1 40
0 27
1 45
1 22
1 34
1 54
0 47
1 37
0 52
0 29
1 46
1 35
1 38
1 44
1 42
0 54
1 36
0 27
1 48
0 41
1 38
1 52
0 36
0 34
0 43
0 41
1 54
0 41
0 48
1 45
1 40
0 50
0 32
0 41
1 52
0 41
0 50
1 34
1 25
1 24
1 42
0 40
1 49
0 29
1 45
0 48
1 25
1 49
0 45
0 45
1 53
0 33
1 39
0 24
1 50
1 46
0 28
1 23
0 26
1 44
0 39
1 32
1 32
1 34
0 48
1 23
0 26
0 55
1 44
1 34
0 43
1 42
0 48
1 27
1 51
1 30
1 47
0 33
1 55
0 34
0 25
1 39
1 50
1 28
0 28
0 44
1 33
1 42
1 41
0 34
1 36
0 37
0 25
1 26
1 25
1 40
1 37
0 44
1 39
1 44
0 27
1 23
1 24
1 41
1 35
1 39
1 32
0 31
1 39
0 53
1 41
1 33
1 32
0 30
0 34
1 35
1 30
